value,count,normalized,cum_norm
0,0,0,0
1,0,0,0
2,1,1.20482E-05,1.20482E-05
3,1,1.20482E-05,2.40964E-05
4,10,0.000120482,0.000144578
5,93,0.001120482,0.00126506
6,272,0.003277108,0.004542169
7,549,0.006614458,0.011156627
8,962,0.011590361,0.022746988
9,1314,0.015831325,0.038578313
10,1493,0.017987952,0.056566265
11,1610,0.01939759,0.075963855
12,1562,0.018819277,0.094783133
13,1563,0.018831325,0.113614458
14,1451,0.017481928,0.131096386
15,1356,0.016337349,0.147433735
16,1202,0.014481928,0.161915663
17,1164,0.014024096,0.175939759
18,1098,0.013228916,0.189168675
19,1066,0.012843373,0.202012048
20,1008,0.012144578,0.214156627
21,983,0.011843373,0.226
22,957,0.01153012,0.23753012
23,926,0.011156627,0.248686747
24,853,0.010277108,0.258963855
25,790,0.009518072,0.268481928
26,791,0.00953012,0.278012048
27,750,0.009036145,0.287048193
28,749,0.009024096,0.296072289
29,718,0.008650602,0.304722892
30,747,0.009,0.313722892
31,704,0.008481928,0.322204819
32,653,0.00786747,0.330072289
33,606,0.007301205,0.337373494
34,619,0.007457831,0.344831325
35,596,0.007180723,0.352012048
36,596,0.007180723,0.359192771
37,583,0.007024096,0.366216867
38,605,0.007289157,0.373506024
39,586,0.007060241,0.380566265
40,648,0.007807229,0.388373494
41,760,0.009156627,0.39753012
42,719,0.008662651,0.406192771
43,784,0.009445783,0.415638554
44,736,0.00886747,0.424506024
45,710,0.008554217,0.433060241
46,695,0.008373494,0.441433735
47,651,0.007843373,0.449277108
48,639,0.007698795,0.456975904
49,628,0.007566265,0.464542169
50,677,0.008156627,0.472698795
51,694,0.008361446,0.481060241
52,744,0.008963855,0.490024096
53,764,0.009204819,0.499228916
54,749,0.009024096,0.508253012
55,750,0.009036145,0.517289157
56,734,0.008843373,0.52613253
57,722,0.008698795,0.534831325
58,762,0.009180723,0.544012048
59,842,0.010144578,0.554156627
60,821,0.009891566,0.564048193
61,871,0.010493976,0.574542169
62,877,0.010566265,0.585108434
63,822,0.009903614,0.595012048
64,778,0.009373494,0.604385542
65,810,0.009759036,0.614144578
66,713,0.008590361,0.62273494
67,744,0.008963855,0.631698795
68,683,0.008228916,0.639927711
69,651,0.007843373,0.647771084
70,633,0.007626506,0.65539759
71,637,0.007674699,0.663072289
72,546,0.006578313,0.669650602
73,514,0.006192771,0.675843373
74,555,0.006686747,0.68253012
75,529,0.006373494,0.688903614
76,563,0.006783133,0.695686747
77,506,0.006096386,0.701783133
78,527,0.006349398,0.70813253
79,579,0.006975904,0.715108434
80,537,0.00646988,0.721578313
81,537,0.00646988,0.728048193
82,525,0.006325301,0.734373494
83,549,0.006614458,0.740987952
84,534,0.006433735,0.747421687
85,631,0.00760241,0.755024096
86,732,0.008819277,0.763843373
87,809,0.009746988,0.773590361
88,844,0.010168675,0.783759036
89,753,0.009072289,0.792831325
90,726,0.008746988,0.801578313
91,672,0.008096386,0.809674699
92,523,0.006301205,0.815975904
93,426,0.00513253,0.821108434
94,378,0.004554217,0.825662651
95,318,0.003831325,0.829493976
96,285,0.003433735,0.832927711
97,236,0.002843373,0.835771084
98,205,0.00246988,0.838240964
99,182,0.002192771,0.840433735
100,143,0.001722892,0.842156627
101,111,0.001337349,0.843493976
102,68,0.000819277,0.844313253
103,67,0.000807229,0.845120482
104,46,0.000554217,0.845674699
105,48,0.000578313,0.846253012
106,38,0.000457831,0.846710843
107,42,0.000506024,0.847216867
108,35,0.000421687,0.847638554
109,31,0.000373494,0.848012048
110,27,0.000325301,0.848337349
111,26,0.000313253,0.848650602
112,29,0.000349398,0.849
113,29,0.000349398,0.849349398
114,22,0.00026506,0.849614458
115,31,0.000373494,0.849987952
116,30,0.000361446,0.850349398
117,22,0.00026506,0.850614458
118,31,0.000373494,0.850987952
119,32,0.000385542,0.851373494
120,50,0.00060241,0.851975904
121,51,0.000614458,0.852590361
122,76,0.000915663,0.853506024
123,67,0.000807229,0.854313253
124,68,0.000819277,0.85513253
125,82,0.000987952,0.856120482
126,74,0.000891566,0.857012048
127,100,0.001204819,0.858216867
128,103,0.001240964,0.859457831
129,100,0.001204819,0.860662651
130,92,0.001108434,0.861771084
131,80,0.000963855,0.86273494
132,94,0.00113253,0.86386747
133,100,0.001204819,0.865072289
134,100,0.001204819,0.866277108
135,91,0.001096386,0.867373494
136,89,0.001072289,0.868445783
137,85,0.001024096,0.86946988
138,75,0.000903614,0.870373494
139,77,0.000927711,0.871301205
140,71,0.000855422,0.872156627
141,78,0.000939759,0.873096386
142,68,0.000819277,0.873915663
143,58,0.000698795,0.874614458
144,65,0.000783133,0.87539759
145,64,0.000771084,0.876168675
146,74,0.000891566,0.877060241
147,60,0.000722892,0.877783133
148,57,0.000686747,0.87846988
149,86,0.001036145,0.879506024
150,71,0.000855422,0.880361446
151,68,0.000819277,0.881180723
152,68,0.000819277,0.882
153,80,0.000963855,0.882963855
154,81,0.000975904,0.883939759
155,82,0.000987952,0.884927711
156,102,0.001228916,0.886156627
157,94,0.00113253,0.887289157
158,91,0.001096386,0.888385542
159,95,0.001144578,0.88953012
160,132,0.001590361,0.891120482
161,146,0.001759036,0.892879518
162,166,0.002,0.894879518
163,193,0.002325301,0.897204819
164,207,0.002493976,0.899698795
165,192,0.002313253,0.902012048
166,176,0.002120482,0.90413253
167,169,0.002036145,0.906168675
168,128,0.001542169,0.907710843
169,169,0.002036145,0.909746988
170,181,0.002180723,0.911927711
171,215,0.002590361,0.914518072
172,249,0.003,0.917518072
173,328,0.003951807,0.92146988
174,321,0.00386747,0.925337349
175,291,0.003506024,0.928843373
176,259,0.003120482,0.931963855
177,297,0.003578313,0.935542169
178,269,0.003240964,0.938783133
179,290,0.003493976,0.942277108
180,277,0.003337349,0.945614458
181,249,0.003,0.948614458
182,196,0.002361446,0.950975904
183,136,0.001638554,0.952614458
184,122,0.00146988,0.954084337
185,130,0.001566265,0.955650602
186,140,0.001686747,0.957337349
187,171,0.002060241,0.95939759
188,252,0.003036145,0.962433735
189,334,0.004024096,0.966457831
190,402,0.004843373,0.971301205
191,372,0.004481928,0.975783133
192,329,0.003963855,0.979746988
193,397,0.004783133,0.98453012
194,412,0.004963855,0.989493976
195,375,0.004518072,0.994012048
196,257,0.003096386,0.997108434
197,121,0.001457831,0.998566265
198,55,0.000662651,0.999228916
199,36,0.000433735,0.999662651
200,21,0.000253012,0.999915663
201,5,6.0241E-05,0.999975904
202,2,2.40964E-05,1
203,0,0,0
204,0,0,0
205,0,0,0
206,0,0,0
207,0,0,0
208,0,0,0
209,0,0,0
210,0,0,0
211,0,0,0
212,0,0,0
213,0,0,0
214,0,0,0
215,0,0,0
216,0,0,0
217,0,0,0
218,0,0,0
219,0,0,0
220,0,0,0
221,0,0,0
222,0,0,0
223,0,0,0
224,0,0,0
225,0,0,0
226,0,0,0
227,0,0,0
228,0,0,0
229,0,0,0
230,0,0,0
231,0,0,0
232,0,0,0
233,0,0,0
234,0,0,0
235,0,0,0
236,0,0,0
237,0,0,0
238,0,0,0
239,0,0,0
240,0,0,0
241,0,0,0
242,0,0,0
243,0,0,0
244,0,0,0
245,0,0,0
246,0,0,0
247,0,0,0
248,0,0,0
249,0,0,0
250,0,0,0
251,0,0,0
252,0,0,0
253,0,0,0
254,0,0,0
255,0,0,0
,83000,,
